99
2525 1
2400 5
300 2
120 60
60 90
1000000000 2
12345676 2
12345675 3
518863248 1
28602633 4515
137253190 1
52608912 8748
216341802 1
63528263 3275
512455767 1
7661609 3315
910131402 1
501099256 7705
1000000000 1
999999999 1
469453797 1
451209697 4860
30269553 1
15819852 865
1042348 1
949487 3914
1000000000 2
1 3
2 2
308785107 1
56088053 8733
1000000000 1
999999999 10000
932001230 1
852018748 4452
187229746 1
170026487 2897
1000000000 1
1 1
51599160 1
31652963 2698
1000000000 2
999999996 3
999999997 2
126370881 1
40087299 7170
880888739 1
493205922 878
145860922 1
131886879 9538
315130151 1
208887349 4616
214913626 1
55275178 607
77758264 1
58211815 8590
75361075 1
31063882 826
33710281 1
7277517 5334
457585945 1
126393336 7579
113115695 1
84027068 4150
1000000000 1
1 10000
463025618 1
416035048 6158
219648731 1
185154348 5741
351100865 1
304367675 1728
865964191 1
164893852 2612
717442261 1
531276138 1046
931489766 1
198791108 3313
755783738 1
632124360 1349
495579286 1
61774076 9838
892386437 1
638555418 9925
781711748 1
208622756 971
981082460 1
862799858 3906
566489291 1
549649136 1995
23993984 1
5993343 5960
561728592 1
119576386 9298
306905214 1
173383016 6427
512418117 1
442239452 9530
502467524 1
403169806 7648
920912493 1
87202879 2388
685947909 1
200765647 5407
619891308 1
463062827 5196
427047016 1
380439050 2665
589123649 1
91187623 3020
1000000000 2
999999998 3
999999999 2
436477385 1
16465038 7758
281050160 1
213808947 8752
1000000000 2
998000000 10000
999000000 10000
415840547 1
77264435 6804
385125916 1
103453689 1561
720185630 1
185683768 6195
701326652 1
642687868 2344
66159917 1
9249554 3800
1000000000 2
200 10000
100 10000
937520564 1
73085469 6173
890874131 1
28188087 3952
177413186 1
53115873 1197
979688705 1
599949917 1161
2 1
1 1
803186034 2
545718924 2947
277563963 1063
965053210 1
927230862 4917
43894533 1
31495894 622
200000 2
5001 1
5000 6
1000000000 2
999000000 1
998000000 1
498693045 1
318186430 7171
297514445 1
201103018 3826
215958883 1
55308961 1389
247987655 1
85536738 6552
588594226 1
74891784 4536
72536657 1
27753708 1686
729680175 1
539790603 5354
19009315 2
13123446 2556
4848894 9641
1000000000 2
999999997 3
999999998 2
235665791 1
120795682 7524
12251555 1
1181762 1992
776747458 1
700568368 7408
606744700 1
512221936 1269
735142512 1
620919902 4264
845089131 1
135052542 4907
508815175 1
279681149 1434
766843609 1
673137491 9054
217660860 1
207271611 4167
43968334 1
9717607 7631
735517704 1
222173179 6330
2 1
1 10000
863538055 1
705060207 2365
936659359 1
862700232 3802
572130423 1
399785703 650
884322253 1
511102243 4557
686548848 1
518551973 7378
