99
2525 1
2400 5
300 2
120 60
60 90
560685059 1
216703167 5063
100234999 1
94701279 9619
223808387 1
117941699 176
789743170 1
487571086 3261
153675811 1
151447685 4544
527306303 1
25797110 4018
743710762 1
459291920 1311
1000000000 2
2 2
1 3
719474297 1
400834935 6639
919076444 1
43049000 4385
770071815 1
686736111 2733
10531567 1
5971160 9408
813279890 1
598633779 6174
652648513 1
200599740 3405
658248421 1
530682900 2443
344964199 1
159927019 8302
1000000000 2
12345675 3
12345676 2
121973703 1
85025261 3168
771289505 1
41540660 1817
996023935 1
275265881 6700
517731458 1
240239872 4519
417008500 1
253400178 6996
493023078 1
380174239 5852
1000000000 2
999999997 2
999999996 3
509566519 1
595141 3331
1000000000 1
1 1
876778918 1
320274364 6146
704301964 1
633393759 8950
443899049 1
174468872 7339
571680849 1
355826780 4756
1000000000 2
999999998 2
999999997 3
469055341 1
67947798 9744
861032355 1
157189350 9742
162666814 1
72674047 4033
619783661 1
275337665 9026
538791163 1
286964811 6235
561827900 1
199147487 2730
646191036 1
362058068 5263
772130289 1
126004061 5401
636750676 1
140581012 3285
914551416 1
201306759 1188
256270762 1
30291122 9221
183481427 1
63863564 8463
1000000000 2
200 10000
100 10000
344511659 1
291071213 3665
713808226 1
254306887 3714
67431541 1
31565582 5393
140039370 1
56654412 8615
58799263 1
28050832 7095
850992401 1
715788661 3703
903383472 1
867341021 5788
2 1
1 1
328105424 1
244724761 1013
252698023 2
199985800 473
202338468 5051
145451825 1
97899124 3341
1000000000 1
1 10000
936690511 1
105031658 2132
1000000000 2
998000000 1
999000000 1
389944673 1
124841115 1914
762912669 1
138849164 6340
278306220 1
150153417 6577
687241106 1
82450550 933
421603693 2
263397080 2356
397599273 170
262910422 1
67257612 7591
289340977 1
90620307 6797
1000000000 1
999999999 10000
1000000000 2
998000000 10000
999000000 10000
616460692 1
554645408 7606
325428236 1
297426150 3897
260404316 1
258541628 9759
667961763 1
238138465 4134
1000000000 2
999999999 2
999999998 3
766330589 1
342232908 2812
745760922 1
328175921 7391
543674187 1
262890003 6430
921614184 1
352708071 2154
92960560 1
65400577 6936
850993085 1
474657235 2051
327335466 1
290999879 4712
298788281 1
84472807 7785
605898531 1
431832683 2061
804382735 1
226299851 9403
698291561 1
27189040 3119
669218087 1
606194756 3747
448721916 1
293462912 9541
678315678 1
36206957 9296
718331261 1
284866793 7490
2 1
1 10000
992747484 1
970548720 4140
200000 2
5001 1
5000 9
208444438 1
161138504 593
893404777 1
109919676 7678
261660479 1
84002440 8367
484993097 1
196195694 835
593556028 1
139035883 2841
1000000000 1
999999999 1
74864281 1
4092345 6219
