99
2525 1
2400 5
300 2
120 60
60 90
882207208 1
671521737 5282
130829243 1
17791436 4986
476722457 1
67286296 5578
2 1
1 1
1000000000 2
999000000 10000
998000000 10000
1000000000 2
2 2
1 3
282727911 1
255378147 8053
609219945 1
414016237 2456
754679596 1
335096041 1295
405101837 1
240467598 1728
4793949 1
2697634 9156
602256588 1
183621895 9035
577191281 1
563634887 8157
20118969 1
14907629 7640
329762615 1
177066172 242
49053700 1
44601939 9234
871230000 1
54283485 5275
862161127 1
533612755 2246
1000000000 2
12345675 3
12345676 2
787788487 1
277487903 4120
1000000000 2
200 10000
100 10000
331855706 1
9538605 7851
375354878 2
136149795 743
333776753 8359
554033688 1
460584345 2445
200000 2
5000 9
5001 1
83380917 1
69700493 9058
257364111 1
122982266 3783
674865098 1
606680698 6760
109923070 1
16164459 6109
216068070 1
99303891 2808
727477411 1
484245339 2481
1000000000 1
999999999 10000
335810639 1
71289602 9771
478879134 1
245980315 3651
361586318 1
361137311 1976
281136545 1
174498178 9274
774148383 1
383115841 60
1000000000 2
999999996 3
999999997 2
912058906 1
550503090 109
529032694 1
441213196 7084
917677457 1
224495885 1733
710693637 1
150861791 7073
202294512 1
68302569 3624
313665355 1
309370353 2309
466008008 1
31254851 4502
980214349 1
853689303 850
658376780 1
651814364 4666
970981664 1
5791370 8708
827521746 1
243406360 3315
874253051 1
835946707 3923
861336290 1
597552852 3450
163637448 1
78647331 9533
1000000000 1
999999999 1
2 1
1 10000
346115777 1
124670854 6803
154433523 1
120927645 7819
931654070 1
534732529 1411
1000000000 2
999999999 2
999999998 3
743075186 1
683265423 3784
47960170 2
13976816 9155
22833350 4852
144980505 1
73767479 7032
192955098 1
34592864 8913
206906722 1
174301629 9709
857878003 1
747257084 1036
552215952 1
51149543 8403
213876067 1
40425409 2494
950176211 1
884285807 8101
762611174 1
680812586 5290
704050044 1
144462136 3521
618910296 1
610199891 2032
771656011 1
688027391 5294
131481976 1
55244380 9697
507635084 1
334193405 3769
197458002 1
23229689 9786
1000000000 2
999999998 2
999999997 3
979183596 1
226487962 8908
501352896 1
212439497 6685
545428253 1
49146206 9091
748408953 1
645647624 8455
1000000000 2
998000000 1
999000000 1
610238407 1
203540026 4027
1000000000 1
1 10000
286793061 1
228994342 3054
614336416 1
559935598 2815
853121946 1
165354800 540
425166055 1
85660370 1385
457783076 1
59367799 7325
1000000000 1
1 1
495402828 1
478794760 4255
853632185 1
139871656 799
883362706 1
364243860 7992
115763072 1
66664702 6103
551225374 1
332113651 5112
790887341 1
726144307 6024
790824132 1
615581752 9668
567220254 1
8172907 7703
1765543 1
1323455 4979
